56228	22101	9
