54551	1604	10
